01100001010011000000110000110111001000010011010001111000000010001011010000000001001100110110000011110
00111000000001100001011111000101000101111010011111001000110110011101111011110001000000000100001010000
01011100011010001110100010111000110110010111100011111011111101110110110100010101110111101110001011100
00000110001110011101010010000101010010101001111000101011111111000101111000010001110111100101101000010
10000101000000110110000101100011010110000111000101001001111011001100011001000101100110110010101010010
01111000010101100000101010011010001000010100111110100001110000001110110110010001010000111101010000100
01100101101000010101010111010011110110100100101000111110111100101101000101101110110010011111001100110
10100010101100110111100110101010000001100010111010010111001001101111010110111110110110110010110011001
10011110001111010111010001000001000010010010000100011110110010000101001001110111111001110110100111000
11011010100111101001000100001101000010110010011111010001011110000011100111000100011110110000111100111
11001100000001101101011101001000010100110100001001110010110011000100000011010111111001011111001111011
01101000001000111100111110101001010101100000111011101110101111100000111101111000111000000111100010101
10000100101000110001001100010100111001001001001110001100010100000101100011111100111111001011010011101
10000111101110100101001111111110000101111110000011100110101011101001101010010100110001011000011101001
01110100100011011101110111010101111010110010101000010111101011000111001111010110010000100011111101010
01100001010100000111000010011011110100111001010101100101000101001110000100011111010110010010100001101
10100101110001000001100011100110010000010011110011000111011110011000101111111101110010010001111011010
10000110100011100011101101110001011001000001101111011011011010100001000000010010111101100011111101101
11100101000111101100000111001101010101001111011101110111010110110010001000101010111000001001000011100
11110101101000110000000000110000010111110010001001000111010001010111110101011101011111100111100001111
01010010001111110110000110111001011000000001100011111100101000111100110010100010110001101111000011111
10101101101001101101001000010101101111000011100010001101001110001100010111100000111111010011110001011
10000111110001000111100010010011000110000010001010000000011100101011101000011101011001111001101111001
11011111001110001111111011110100111101100111010000001011001100111001011010000011010110101111101001001
10000001010010100000001001101000010011010001000011111100011111010001111110111110000101001101100011101
10100001110000100111011000110000010100010101111011100111001000111000111101001011000010000011111101000
01100100001111100100111101011010000011111001001110111111010110100010001101111001010101110101101111111
10101000010110011010100011001010010110111001010010110011001111001100110001100001101101011100010111101
10011110010001110001000101100011111001001000111010111011001101000101011011011011011000110111000011011
00100111001010100011010001001011001000010011001110100111000011110011111010111001100001000100010001100
11001110110101010100010110111000000101001100011000110110100011101110001111111111100110111100101010000
00100001010001111100011011000000000011110111101010111011100100011100011011110000000111111110010101101
10101000111101100001001011100001010000110011111011010011111010101110001101100101110010111100101110001
01101100010001100001100000110101100111110100001111111001111001111001010100001110011010110001010111011
10000100001000100110010100001010110001101100011011110111000101100010110001101010101100000110001111101
11000111110000011111111101110011010011011101111101110001101000001110011001111101101010010010101000110
00010110101001111010101010101100010001000011110111100111010110101001111101111010100011110010011001011
10110111011100111001111011100011001110100010111111000001000110101010000101011001100101101110100011000
11101010111110000001000100010110110100011100011110101110100100010010001010111011110110010010111000110
11101010001001011000001011110100001111100110100101011001111011000100101111010010100111000001110000111
10011110111100100100100100111101010101010101101011100110100011011001110101011100001110100100100001001
01010001000111000101110111111011000010010001101111110100011100001010000101101011011000000110110011011
10011110110110001100111110110111101000110101111100100000000111101100011011110010110001101000100110011
01011111110110101100110110111111101100011000101110111100110100100010100100000101101111011110100010000
01010101110111110010001101010000011100001000010110110101000001001111110110000100101011001100100100110
00110110000010010111011010010111010011111101001111000101100101111110011100101111000001011111000010010
01100100010111111001100111010100001000100110010110110111010110000111011101000101111011001101010101101
11010000111111111001101000011000011110010100101011100101010111110111011110001111001111011010101101100
00110110001001010001010111111010110110010010000101100100111000011110010110101100010011000111100110111
11110011101011011111110101011001000110001110001000111001001110101111001001010011111111001100100110000
00001001101011011110110101011000000000100010000011000110010101011011010010101111001000000010111000001
01101110111110001100001010011010000001101100011101101011000011010111100011010110111111101011001001100
10110111111101101010010110000101001010111011111011010011011000011011010001001001110111001101111001101
00110101111000010000110011101010001110101110000110111000101010000110100111110001101101000001110000111
11101110001010011011101100000010001101001001010011010000100110100000010110110011010011111010010110100
01010101110010010000110101110010010101010010010010110100101010100110000011100001110001000111001011001
11011110001010010111010101011011110110111111001011000011010011011100010000100100100110011001101001011
01111001111100011110011011010100110111100011000101011010001101111001001001100100100000010000010100011
01110101100011001101010101000000110111110101111110010110100110000101111011100000000011001010100101010
01011100001110000100111011110010000010100111010011011100000000010010111101011011001101011010100110100
10110001111110101000010110111100000111111001100110110000001000101010010111100100011111000110001110110
11111100001111001111101000011001011000101011011110001111000110011101001010100100111011010100101101010
10011010001110001011000111010100001110001111011010001000000010010000100001111000111100110101010101001
11000001011100111100100100110110000010101010001110011111000000000100010011110101100100100110000001111
11011010000101010010100001000100000101100001111111011111101100110001001101100110011000011000000010100
10101000100110001100010111111101100001010100110010101011100100100001001001000100011100111111010100000
10001110110011010010011010111000111001111110001110100101010111011101010011000001100000011000111101111
10101011000010000110111111011011000111101111000110000010101000110100100000101111010100010000110110011
01001111100111000111101110101010101010110111100101001100111000110111010110001000010010111001100101000
11000001001110111110000110100010000001011010001000111001001011100011101010001000001010001001101011010
10101010110011011011110100000100000011001100010011100100001000001010100111010010000011001001000111101
11110011111011100110111001000110001101111100010100001010001101010111100010101000001111110101011000011
10101000111001100011010100101101010111011010001011111111011001101001010000001111110001011010110001111
10101111000010101010010111111001111110101011111111010110111100110000110110101101000111111001001100101
01000111110100011000100011111010011001110101110010100110011010111001101110001010100010111000001001001
01111000011101010011010011100010000110011100101011000100100001100101010110101001100000000101100010011
01101001010110111110110111001011110011010101111101101101110101100101111010110000011001100000100010101
11001011001000000011110000000101111011100110000010110111001011001001011101000010011000011001001000010
10110111101011001101101101101001101011011110100011111001100011000000110010011100001001010001100011101
10011010000110111101101000101111000111110010001101001010000011100101010101100110100011011110010100001
01100110000011010010111010100101100010111001001101000111000100001110111110011110010101010100101010000
00001110011010100011000000100010111000010001111101110100111101000111101111111100100101000010101111111
11101100000000011111110001000100100111001111000110100011000000010110100000001001010000110111101010001
00010100100100110111010100010000101000001110011000100110101001001000001110011010111001001111011001111
00001001000110010110101000110001001111001110101101101010010001110010001101000001001001011110110110010
10101110010000100101110111000111011001010001100010111001100010011001010010110011100100110100111010000
10011110000000000110110011101101100111000011010100001001100101100011111100001010101100010101001111000
11111010011011100011010111111001010010001110001100110001111010000011010001111000101000101000101001011
00001010010010111101101000111010100101010101000001011100010000011100011000101111110110110010011001000
01110010111100100100111101001011000100001101110010011001001001001100001101010111011110101000111100111
11011000111011001011100100011000001100100010011100001101011101111110101111001000100001000001011100110
00110001100101101111010010010000001000101101110011111111101100110100111110011010001000000110101011010
10000110110101011001011111001100100100001101000101100100011100001101111101100100000101101101000100101
10001011011111010111001100110101110011100100100111000001011101001111101011001100000001010111100110110
10000111001001111000011001010000101111001111110001101110100011010011001000010000110001011010000110000
11011101011010001001010000100111001101100011110011010010010110010101001110111011010110010010101000101
01011101100011010111100010010010110100000100100100010000110000011110000001010101101110100111101101001
10100001010111000111100101110111001101100100101101010110110111100110110011010111000000111100111110000
11110010111001111100000010110001111010110000101111000010101000100011111111000111011011100000001011011
11110101110000001111000001001000001010100010011101011110000111110001110100000001001111001010010010001
10111101001011010000101011101100010011100100000001111000101111110111000100110100010011001100101000010
