06053745880038982998068980855483908688072009725055
60980009400300059052080025438053833250005304879059
09077243556006250009506277029570874850445309334379
58704535250867028706955708054924075099699880203020
30740056605565720330354080050346850000038559487297
70250090846040420333698476277202803798588388076854
40435903243388877788794060009097088250239280064083
59356030235070506320202390704460635699094686352008
84526822000002090390797850878353266023050800759447
80550443004065007050223467926570802068230500047786
00605635040500705978948680602336096304397860255097
03085030005000020050586484040960600006868040069200
30066487060007200430649549065000056200060404403443
80675080250070606370540428280925658007430079463893
90207485007026084003765856057800702508420682905240
85522270900200805708720200357683356000400925095800
29080076075006450495020072407000583433509007000033
90073373309043074040032297494590992702960290880000
95003382957537009404600043006694000058670557600894
82960380008000385040042605830349505605679000033963
00593672729565770060002280073050007090756309000464
68055990924844622304002693069039290440005020695736
80654842738690500202220506050000978500980344868562
90270403846454820206265030369840487029502050800743
82708769568842507940890300664027046344606006085639
05780600070498602735036000500232805000408380640266
84000207896002034408000365093366405890572445008227
53255700720468550903765660907346602920684407770992
58940794862050777460390940370088704050556636620068
40593204353909860563000802330092889582775395080499
85724096573602080994530423648900727755035303490069
33046270306005030049090072668200902350399025075603
98808806280606735905029408467879040036076660756600
03775083609055058900097840000820403050372478050522
83450385626068263205708765524972030006007879620340
62800726003020504706045030890573000080032080703857
85590959260000003050940240925855350808572020595860
80090809384607803285000940000250606080677750970298
00460520023804445966709564565703030056044062000376
70493839539663200677508000785739770377404220087038
25598894007800009009650268246559627227440200960004
03385326858040690250303003446330648007022000230048
00085888006407820950024508403902677825620009504894
94909806000049257070904060576535089000200090936608
78324003702044900860068806076040706759009259088983
27308765545606090803096084072897552097086303807932
59437642975933550003058050800005600350070046870076
00302800470248280089475762290406653882300086990004
55729580489049403096636436296960024569730490837000
59907438767033003043462396728993020708684848326400
