00900000558070080000620000220000078400000000200000000000050000006989302602060000004006070060750080000020000009507040975355000600007008052000970040090424063030000060000363309430200000000800400000290004
00002750200090004400008040000000600060000000007000078000500400500800060040040000300030002020000000050000020600000900000908000270007024000000009000909004000709626055302000407000202302002307838250500000
90008085800905000008006900998308002600000700360040242004802000040056020290800000390090375026002000004000000650400800402009700407662020070670207000700000020000037000800000002205705040004080000204005000
00000020880000403000080000000000608000600007300600000009020007000404600700759069020025048002020909000398000000000606003430090002790909000237000698009000939582900000096080450690820500097300700006304000
02800880000407060007700000050002200306090080000330800000077000008000700080060004035702200037004524002000260055732000002705007020040099006200490000200300007070000703709000008040050070000077035730000906
07008036000000500457400905900930000050204730006000959006770300430040000000060000490006000036208040408240400030070900040000008349008089950880000000295007090600000008008003930030007750040006020000800080
05828305060500006060509070360000009000304000000000030009004430060000000500000505008009004600240000203356007070800060000430957002058000022400060003024402400006008090002000000050020800900000090509037000
00500650600000900000707098000860070690000807202700200080230073000090544043095500040420006087020020000002800000000600076040570006565660502400850000006280809007000560000050050550000584640807360000980008
52880006009004000005030009640600000238000000360065403340453000600000000000050050200950000094090704000080000000006080064502400097020000700700930080070000900030000006640320000208275756089060900050060300
50080060000002028000004008007000200503800980460900040000500700036903090305200002070050002090094005000007909990030700862500000000030803090353700928258000030000075378000003700700002000000800000009004004
80000000900000060600000400047360200009067870006500009008480030900000000800000489830680407050059004005000094080000267206209020000070002800004000900005006090003006000505206800900006054970000000077000400
00904050000000005304005240059092200006000004029005080007309004060203060000408720929000000000360040056080500055036090070009006094000067927507000009000000009370003000050042800303900000030040000704000000
79000000000000700020070000070940588289905709800000000994540003000407602569009300600000800580975037272050990500649000957002400000800600000000000000200205000009006203200500800940000008070060000000720002
00507000420000030009000020000008000920800300400087500400000004007070308006000040009060206005000502700200984405307000500000000399000095500000006500050830000000909000330000606600309909000048094000005087
00040509000070032007070270000607403053706000000000005000000950000005869347050070200097897420409036065372074900008232760360032007760202070700000000000502030070000005600000020707360509800003000403009008
80006000026003307002780042030050080069003090957007400300000000005600800099064260355800900000702020000270200000600707035000000000003500006020006850097907000000000000005000067800040000009090240006597030
04030060080500270503020034000402005600030097054000007007007000450000007300000546002020604090008070000009003020050090000050298004300990703200090000050000060070000705802086000908042078000660750507900622
04000400006300005000905005055000067400007000000000700000279740954800530500007003020006000250700024000770640095044008600003030800050030790004007000000000003500050000000220400800672000003033887606030002
00000560000020000000030004004700500000000840000000009050000780030800800905090000007089000064440090000004038038000000500200002020200830004226020550494000080000400065000085000060070049400570084000090000
00807700500409723000940505000000090080030000770007048000000000000804004590900590079006737222000650004507450005004000002030044708200060000320700003760000003060000609000030006009020000058706687993000000
60007457000000070909060000058090060060000000508506009079000007060020202208000003000050040000000030026800050300090900000200000000040306093680005080602000007000052006500800369060200047240820357629090009
20080000300070782034600530000000000400000602002823300370822360000000000028500006240086063060009000730050000024000569420400402900090007008000009200070300000309095206000000000005800020700060660206040028
08600097040500000500000805250409205000900000990509980006400400370002004205060000032050030003293000045595600070070562849060303000067950064756807000900800034000000000370380067300800020445000600276500060
00900900004200200005058000600032033000420300708000506000505008000000003060006000970033007320070000904050032054452047050988650000040009000000660090940906000000628043070504009060000506000003000900000470
04000079000402743000030000680000000046975056089003000780020400709062065020060036070278070006009200007670000275000000000805000080000480248004800230720500000000560090020002030640000020540800677700000080
00000508980000024545005000070090000000695080000003040004328080600000620340453006007000984040004404842003077006300007006000036068030000003000004002096003588482007000380090000000005000000056077050000304
20900930600000000000002660090700700000000000000700005005500684000400060750700009000000200360080703808408000002740000005983600690400004000050700529500002006003030906030903947000085300432940000009306040
20905060404570030500505087900089036900200000000200004000004000000800066672000000000072000706838000080005500600020930008785600600080030000004400005365075905000060806400500300700000007044000006060004009
00800000077900000540800000000009094000800000604308350004740399023036605005000000058600000000502000090500000089000000005040626000000000000034902600800008060000508952000667200404950700004708400060070002
00300908603090604070004000700050080300002630000935000009460840204740073002000000000000000000900007407088076000737008000000000990080002082060007400095480704040000650800054590008000760058070558000600000
00000306006940050000900309080500006070000000007800006000003800700007080006206004330070200080240000503000000043008790900700504002530348020000005400002090086002000700080005809009009000007600005060000000
00802000000208702000009200099000820699090004000340775248602009003290099008007780055990000004000800090040003700002009003900040000060040860060070800045570000400085900009353000000276084000540060695800000
06062000022250400050002000700008000000009009000400630208040000000067000040000030000032008090030940020009700060000000000040090000049000009060007300020203720050906008000370000005006006029005000084560020
70000007000080080609600300039802005090809003000059000005008372309000040000000000009000000070009098600070450000530900400902200303900020000097062800707008330040080200080508020040002802020050000408040006
80280090000080305700005300064060050900008009004070405704900000000020030050600000600002590700000000070500020004000060093450652002008000320600600960000000200709507000024700000003049000000065408420605422
40603006250029006400040000090306009070770040808807805899604058844400006000070080223603229752800000280000200409060047000000090000000000060005020670000000239030008000070000077780000005000808005000800009
06000509300082560008600040000079090700300690978080700000560000008045400300428509270900005050876000000604000023003420000004005050088000208420003000500007000604065980740090800490009002982005200240000020
00006000839690390000000060000009000000083306630500050920060059008929250730007040900005300700063700088022000087000040000730090000004820200000000008430790000400000020030775062088430000430008900240700005
00060230080098700000009496028000080730009909000603000802000704060007207058200066207000000000780653020002800500030000029079000090300209000040006083370023043000664040007000000420000009000900889020000054
00009000006000003003000279000009000708000000000047000028700400000048060207000900050200000020022309420090300009050000200607730000000082000090406090200000076870000845000550048004060005004000400099300297
00000440007050630700000055000200998003900009066009026340000400500055473880009030070060000000079040006006000000250000305400038008950294408089002074000043025768380702208007920060304000000453000700008000
00700708098073000080060300000600000063900067000400389830750090000090205720000905000009000008550000000587000800082045000740900840000052008000080070900700003000202906072075000063000000700000000020025580
00008300087000099040000058000300000490000602003000000000680803800200800006348800000000600580000000047033000006000400083800004806800000707005008007700240070004060070007047620000040000500000900050000070
00070007000490007000020060000004939006909720000700060070088060004000000009803260000029036209500008980870005000000000000070700062000020800278008930800049000500070032572090050309005220000000608506500080
20330002340084090007509700006000000896000000000263300200076700080000008000607002700600360002000000609000304003400200007000500080030800070000002309409396900000008080000000470852055030908300800706009700
00600000660200055007009080000000000073006000000490700900760004939007506800360070000946246700000040000450052066004042760402030000000005040090000607405300500695000000306005700080229000900040000700640000
07000602006900074000820890004070004880006030000000020030008400040900000000070373509000620025000000008005000530260200002004800603000600200600000590000400000497006000002000903350400000000042700000780400
00063007095000000000585000723983400805600407240020200008570000030000006007227723000989832300000005007000090802320006407020897452000085007002400050009200430007000300300000705068308800665020620007062505
00403000600008000000020000000304057080040000690204000800000090930086000293026205000800602004000930080020000008200900023700000420805800000200068706806300002200000000059070000000099420007400002600070007
00000000500507070007639033008500090700379000300040903082240900059004000000905205082000204890000000800002079089070250009658200007356080709007000800800009390050653500006600000000075055000080000000600005
00208902400005040700039500003007604870000300370209000000406032027000430030800647000002002300009908000028970060090000000849950000074050000049000560000000070204500020709540094805006000380326000005000029
07400530040800000004008004005007300005002806002000000200950022006507009065000000000806700000000000007006300020009040089050007538000000470300809220007000044006040029004006022000000000000590060674070000
08200900309000507098900600540065005500006900000003000635000400997006923080062700000400300640000040295300300000000564009000000097000950020880600000020700000680000700040055300602009400290000765000072300
00000000300094030000030070000002207809803800290080026083505000655000006007908207002438780490070800400000045287602400000070050002006094080000045082000000000003520086000300000008000000837000248000064005
00000008400090000050770080000004000902024307003008003803008607006630092880032300090290006060066300400600059200040964704700020080465000000030004306270500500000060057060003900520003000000200620005527007
00490690008740007000906004504908854900280000000802005330090500000060400006400028970064077000700046000060800800000300400000700020883090400900000604000000000000500908000002030808000007004000000809085763
05800702454350000200084503507406009650070760070502490500004000502066000000000420200300003050700004902400000000000000000000740000096020900204000300350060030002020000776408008054020000000580044044620008
50027703508040000700020022004600400066000588760704050009000000800500086030900003000005040000035000030007000033822090008000080006003040000560080900040020000000834002708400008006000000070000500030770040
00207040300900007900020508040032080400000008608000600580400008300522900004700005000000007004855095005420990500050000740500002030206000030844620000000009000402000076580000000090050803030000400003920020
04000340070000900770034040603880030000744080704009004065000025034030840056004006004207602800890607097000020002400000600080000002209008322840020079070050000400067327560036000850000500800592000000306008
00000037003000500480060008809400070505000906000090320000000208072005200000890407060000600700005000500200065030303400300000002040800000000020040200704990600794006005906007070006036028050075003004007006
00070003000434000000700800409009020809400030040000220070008580970004040023390000803076040000030008000480000070304040790608700052000000769400004540690080300002000003908700200000005802045006000200000000
05000400609000004900003076000270030800005080090090009600583009040000036900060037059000069000309002302569803080355000076408500009500270900070006000082008080400030809600400000550797050970074432590400050
00400360030600005530607000002000000400600000834335209500000377400000000000008083000070260020066450002800000030004608460000400005900983000030000300644000000020000300008020000080040504000260500000704400
60008000060007050400000090003403090488000004090009767560200420000000070000600020678060990009656893000808007500000030505500000020620005080004600000200000002506050700060000000030000500055006700500900337
98040000090240060888000000480702000409000020009000050060055000000096200000350040007490050000060404403038050605705500540000000020004002000540008090400000000020904330560050002029006609000583000092005300
80500409000007000000200060003409602042045900000080000036602300000900500000000000300905009020020000880055030000003000000000040000000900000600956204203080706000067006005700908003408600000260400000272598
90640000030370500004002020006070700059785000070064076000602054000600508003060000230090600084600030000668030540034700030000005076503000006009300703005077000000400600285097908303003046006500870000000740
30067005000063880580200006006000000042204280050000409004009820000255003000000036050550080790900566020008006050004000000000060400600040500300006076747000085004802000006004209800075700500004020005600057
06200004090600600300000062660789043005067000000000302090080404307000002047000008000093600000500070040000633040050050000000860607590400047400000297409004003804030006000509300600006000006720000040002930
20000004000028907004204350065309000600703500860600093620060000600008320000060050005036300629768003030080520007708724070007070000805003009040280002900900308060000704700000003940200600095063909060092000
60270050038050303595202003760000000037028700080020000080000000900000000054559000647080700000047060069420029008900900050000596000030080909989020090903035750500068002097090500080620007200300000520000000
04908004000060490009020624570000405003508200000090368080030502000000040504005006000050080920750000402090030300000080094008050206330000604600630030020003000004850030002054280565300800000500200050060800
20000003050096790050885000025268000000870069000730050706004603000003070440000000030000008030023020000000020000606070008200985520500094200000320000003000500600005000400002004000804044060006460258308078
00870000020400000009050004700020006040200038630209800904097083006300000500070067080007008250035009400700430200300000090590080440009048020630900786606000008000582600300570080450020000305205740366700083
64056609500000560090006065000000000720000040067220006030000099600506006500700300089009000000060980550000808004000002074000052040000027400050000805994405000000700000300770050700000000090002530000000052
00090005000890040700000603000067000087009083700765002820000400080000000950000300000030030900905400402520055004000030030000200892350053000000000000240060005000000000300099809400005009020000770090200000
00000055004730025005000000000007000050090982003722607230400040000000000000033009900070602708904006009002000300090000070004906000765090400008000002000458004329620000858790000400000000020000003000000000
00060000508204764009000030000008300804603006077200400002200000382400305000600004300202540000000007042065503400030742370557755023090002330093000000074009000000530003480008067000300064708800000020000450
00094050029000006300360066900040000090600500203355700708035670730000680060700940000790050409000205230000007000880000309650300300652065300000330800009000050202300209750000275600790005900000000030070050
03300400208960230000020900000030006229200000705000000009200008006032000600000930063900090020500000030000000046060070040300094600006007080609600800200400020600020000040000227003007000035076607000500009
00923904073200050207043770005035000270057000000008000097000060507003500403880000603004800040702029000590700505090300040306603000307754800670880330380066850600450600030060007600090800050000000000605828
40005080000909052079002007008005090300700000009002000200000403908700005700090000330000760000800040407050003069400090090000780700000400007500000470900030000336003000009300390000066060000000060090204040
00007004906000080000000020006009000690020000690980084420300200000490500000000027900009008550804406000093400200000004390704040007387425000006090420270098400500038000004370000373000600005088000500009400
03920002558006902080585370070079300000006002040800000396000007076909593850003709000000000042800002008039090300000666550000320000050000027009008309060000050800020048000605200802007005000034000305670002
60052690000000700696060380020000202305000909060900260804050706000050036000790020040900904000007003000424000050000000020000300047408240800060005005050000060004034300083007004500570056040300905056730000
00302000004082896007000009200020005203000060326862073700000660029006063700000650087009000800380020002000064040000004090040000070500050448940000003050000000050930008909000000960020283663900200900860580
70740000000000900003463078000000009200000003642300000807040004669500800080003045906000003000000000407000059000505200946000000009009000050000050700780000500200000294900044005850050200253080004900907006
02580046027006704007030704000000800950000006060224200067307200900090000008800200000804030426300050203002620720520047930430000700495870900080000280200942060500004000800000090509000870800000590000870500
00000060000050400202000300370000007707000052070308306400000870000000706090209704000500804053007066063020745467920060505070202939098000400002500800600566700000070300400025000000080000500704006200000090
62203308995080209562060204600080970550020080002009004960500000020028902023500000240540002508060003073770065720700840003700000900030706006000060088003097000000255000000400200660020359856207000089006030
00627607400005000042003060060004000200000809205040000000004000009004009000000809000020006380000000306097900009009093090500040000000682000000060020000038003440800002455006008003000080000660073000030500
70000220000390470740002000085920000880700505000000000007708800306006957070009900578880303000000300209092383070303609300080007500830000000660475904500200200580300826090207040098030300728048000902000350
50020042995670000040009700830040300076827500000000000760035903065620006452360000000000800060000070000205800090003700020903002070006300800060868962900000090000900795035250000027032300202000006400020400
00204800049050928000093094082000090063029000000000900060055050966000008703505400020407000700000296006005030500000030005040002040000002030002094000372000000006007800490730000002400500098900208600050090
00095000700005000006000024700008900007630000000090900830000600048400500000094002000400000000302040002002060082000306460465009000000040000084000505040430037565669465872000620000400002000200200702044000
80002402000430327295300000000000490000504000040030004004009000059003670602080000024000205600079400200420000000490096730700828600000000003008900000000800000008080064000000300020702046000400465024030007
00094000454072600400000004300700080000390008000500800006405708203400603000900675090623000630006000060007000590030072000060504907000000000003070004200700600000005400009504200077094407609403007070050906
00000420000027000000070908800450060200040009600008002440900050300480000040454002004000042003200020020000000050080070000800050000029500200280720000609020004000006000004000700900540003040750709000523408
05000000000570600000234004089009207808220048000080009000030900000080243600050043300000000670000006200365090005608000000349000009800020005900082000003002007300009075006000000940092000530020000706286059
00402830005620500004605472800730000008006070908700075000205700220300000920002920007080273336906200000200007000002000220590500004038000000090000003080400090067060030800200000080000375080005004000002806
00030230000002320705805060405000005060000508040000003060404024588006000400705000050004000070020040032090000307099700000086090369000027007000050000755009800009080204030098502604005040005080003400000305
20090450800850770700059570000804070002090837050020200006002008600356008290002060095932000279900020060906045000000090877040060390008880360000306002407004000000069030020960000300090200000650656007080544
00080062070000209047005003850800900042206730005002860000070000908858800000000250000394002007255207050060090020000002200005000060000054000000080838060680200000002082000000006007460642008034800200640065
00002408090599020604006000050000740200830000300000933008009000800000065000480050070400006709380000000000000723000075080700006800650000534000000603003700004400390030007000060096000006802900009080080000
02006000009098700435500307000700052000000000050907700450009260000533032232305000000090652460803600090049000006809000000000804036725000003020050800000000060090000000002205320090030000400025300000004025
00000070094004403080000207000603000000000005420009000590000050307000630900085037003000490550300000007050000002000800000600630008003002870600070036000070000200007209000700090048000004500000447604606900
06600000090054900000300020060007000400500800005800000228005000005605000030200340050230007470005005000300700050079080087200000400007089000208330906000807002039777200000209070704002690090098000090032400
00505370098500002930027570008040600028000000063008620800030037830004540000000000406005402620790809500002200500020007090080082828009000000009050070380000604640800000900000200009900000000000003000000300
90005000000505000585040456209030004937090060360289000700030200000500007800044000659000000709000200050700362000006060020702900076900002000309500008906090900605040900300008400400000000460070800700630080
50407080000063060000000403700700050000002000402320000600080433300700007906300008004000055970300040060000080000060000007070000000709007009400003000007700076006450800240008049000878074050070023000040200
00003700030340005400907500420300030600355800006207900040025000500003050000000938690000002200000093800900000720609420044007000020000070600200020073700000060433020080053060070003860006900000000390000054
70002000600697800404000200000782000030000200040000090200020034540534408006000000000000050009330000082900090906090929000904400900008342000045650600034500000900000002040200007000070076042900800329070000
09860906072000270000955000090070090040000040202092005493000040060507007900000070030060020080670300000700008000049005040906060000700050096000090200709025009032350070083007758900000005200605052006590004
40000060806900309000066400030090006424000400040005046060090004003000052087003040709060004649003097700090700806022000000553387607540000030000000670450000000050303000903030206040236000000528060000562080
00060000007000270800092707000809000700000500020600004040000000080000004000020020000460407003900662000002500070009500200207400000000409085000600800902040730000008062960006540000000706020000590020060064
90400000082095700650048000000090040000023000070400000074007637045500000000000033000350099500300470002082000000000002086007090000000050048909040607000509008000000000090000009503000003000660009208400008
70000407660750630000024500000000009000200080060020080000004009760403007590973770449952943009020630002070800892040400802005504003000034630000680008080003090000000800009000730006000000390000000000000000
50232006426070050002009006585003003000905030702739099040080000605000000048040009000000060530005000000070000700740000620000767005079060758000800000000057008700009706022000080000003030280030608403000000
39047040552000300020240980970079094007064780040076800070005006405000000002500056330700004075090470835000706207009952000005000050000000009000000000860200000003202000000506042000008300000560003000002004
50030034000000605003006800884000405003700407000205450700000800000000000000900055000000403700804606049840000080700050000000054000060500000000380036000034270668600020009500698000000042839000070744500000
58905000209920000300000850350000020040970000024008900000000008800000007080000470060400000000030500090605000002074637750500000009087200060000700097055403026320000507208008080000930460002700050400000005
00700095400040002000043600666050026000070907508802900007700007540000080509002973067033000200000085005000086009004034057000000000000800000800300706003004540770000000000000000005004070070004807026000600
00090057002000309304000503002004905909033000030900500520480000000040667958850050908420000004000020500960003080000680906050000040900000000702080090000000000060000000060380050000000400000900030070040080
00007870000600208024023006006040002050008040000700070000002020000005000605020650430000000200722984000000640020000070047040000742088270000080946006060936006200000390003400600605562045580208000059000700
62400300000003000807090000660900030000000880006440050000000000000000460025408003607000007990500069000330800480009060000000007040007000002682000020090020700550840250709870005309002090209984040903080072
07002400900909000020000086900900000050900406800520039082003045002207000002449020000004700300074000000696030027020000000500044400009600704004080060000008200032820080000720005500700800000004600070607446
00720926700409704008000008000020032000008062003207087200060202950006070060002030000707090900000007094900068086000070035009002000005000000300004900002000000230000009005205000000800624600907030600040800
00670005000080703022000000400050090000309080000083000048002280596005658035003706030304504000800000080000670009700750000000090000050078048000000283080000000505000000700500300072580860500062780000400760
00694056237000600500496403080836400080005000300005700068900000002000090330005695000850009930300000203000520000000040007068008000500066809060007776000404700007390030074700400889400000080920000000828479
77200885000000030000007000000000908084000000000056400653636900000403005000900502670708095800060000908080053790908000009007008795000005068000090000030408075070940700005439000304060323000000690008068905
00090006080060259080309040000030000008202000806080009000000000290090040000000000074402008076030000500080000000003004000052802060000000305920000900087702000700006080060043300009080590020508509500000020
02209806000609009336005080030044020002089502000808505909240000780000400809425906050204507008000400020285000800074500536000007000760000000740900000008002006000000200000000008000800000000403006000000000
84099900032705200000670900400280000000924200050500000400000800035200003004873025740500000062002000000704002902702009040000000000865000000209000057004050907000000003046003000020007050072007007070000250
00000905708905007700000020000008003022004078002007040004900307900000500962040433080008409400080000200030508000060000067000000070080300000400070000060053000000300003000094705030000009000270978000656000
50700520090200700900906040000826002600000000740000072800003206008000040000200030800020450000003000000060307000000938435006000000406000007007070300008000804704004902003259050027000800099006940000020000
20006022000700063040384083000200900080008870000709000000000209000006079940000000007070800060000030050700430000900605808900000240898500070000009706270000060280006200300844002006000297300099000480600500
00622844730500702023607000000000006040000002006020038009258804000560340960600000665000900000600000290000006203420000900000870603000972400064007800800408789000400000070070608009000050000006500030605200
00730800050000020022805000503606690020498007090000408030064420730400004800350090070006408000660800809000020000004000000000008800060240000600004860700835470476000900023558005000528089009002000700700026
00070000034700000460006040044000070500009058000207900000404000004009000900000830900690000200002483000000000899005000900000020240000009070400200900045027000570223000088004229400302026000500000000790053
90204008970000000007008680749000006000040000000400086000006000006093002063900003680000000500480090700030000305006006068037309000000090000002000000006045790800060000908873603070008000040200030408000300
70009065300000009020000600000007060200000800000060000400082240000050008232000003080900050066769007280508057350025900480080084080009000770000000070000570806000300004000000000000000005005774974000600600
09700000000006060700597004002750720030662088200080090540000004600860600000000000000085000000584000020060000000300000000000006004070000009740000800050809040000000000820066090000035040030890000300306028
00060000099005080050020020506448389600000009365078520036390025030027020000780008834430072800990500000008680900006268600000700009270900037889008060004870086480000600000060897000700685908090040000040000
40090000820000050050800930200000006700897703009500620800000704000900790930800000037200008082060000000003003070070070000039090260870005000060070606008290070000000000003009000730800203040040600000000700
00080030080900000003000002950000000008304070970060000264000900000043672000650200000095300080420504003028306608030000780067606000360007006000000060000000605072900000005900005308000040600020000090000090
09702200020020000047609970538000070054320978440088000020300076062420749900692000239200072600593002600740000039070749000800000000000000002870000000060300660030009002300000705604000004000203070000020000
90000920750005095096070429060904200003700000000000002070540709840000400020094070080765580000007400008506000080003050080605006900803800607004005000606452400044300300000000002298070824820998500750600500
09090546085000070040200006050525070000000000950960070000000040240035790303640049000000000030002000930570300006704902000005300002000784080005600480060000500800060800200267006908000700209900070000500440
40003042000028590000038950000405200007000720334230007050000090000000009000040400400000009500200487004006700800705000500204009000044700000480058820340042038220200670068002000280007070030864077007000008
20000008000003000000000000070897000009204044900000000000620598000087000300006500063900004693000300200008007009000204005030003200000005500032470790050400002794702203007057309900000360362009000280058092
44000720006050270000000603258000380070303009600009000000009000800007040530050890060800002678000000020940000700000500937043406080048220300857509000020200576700030073097007000000504000000408000980000040
00090048900000000000000005090700732200000000950403000050000063000070003705000000080400050700200006000802000069000007000020500720070009080740780006645005005200620605042000003000000090030600000000204005
60230900039000306080003008006080230300472070000309740000300000800000800500000005250056006000090300009000060000760003090072400000007000006870904870600307004900700080307000000290346400802007300070000005
30097009000900000303704008650460000900365300000020040000000000002060538000805400000000000003000700470000400240600900808006006000005067040900060605000826540205708000087000705004000408080040060065009303
07050600000300000500030004000004007064087005064020206000004470405000080506000302663580025004500500030000402066049000007063702502500700072045800400008277292000323000402303370980008040069657900000000780
30087000300700707006000008000400540300076000099005008000000090020200006000000200003000500004800600006000090340030350000062760533007000008077000807340290000000700085000030000700000920308000000020700064
09020067003090000000090002300020009040008040057700460300202042006000440040000902006004000000006580007900000905630200000380000020570000040060000002040040005000090009057900250039504075090030850000620407
06090000000009000040000650005000905000603200000006500505080000000904800080570653040000900028390600000000300780400330000260000880039000300402030009030270677370037703408607040280000900096530099002670320
02300000070000000500590260360008080060608067000005040260230600305060030650800230250323300750000680006860900704520500000000000420094000000002600000006003200209300806007607738090050004006702000930900820
06700080056369000000250807008005607850400200806003000000040760000470200805200000003804004050007905690092007700000038009200000000000600046003000000900020008300700000000780290036800003030600003070200570
00007005030020007006020000989679020090087900000305007009000300837306007000600002060003020300878404000200002209800000087005003200007020092090000600038620600000780000040074307800002000040062900020000662
65000096070000000060000490005500000082440073800000220850007200000300000030000000000040090000290660073038300000080706000020009580030800000000000000000707080080000002800532000006005000007720000000090600
05003800680030505059660300662000800000052602000000090678026753900060064200000039000080840002650540050402009000002002006007000009000003320000040000200033500059360020000057000888200400000000030000004070
03807000605023608000503003040800000070002005030300700000775599600502007004333847000000998404004800008000000093200099000002000700700000003000908000302000030400400080000070020000000443004007000004296502
00090000400503000000007728300080082743000707000050004060708600006608000900000585430008000005939700000320000000454806902000060000070604000728002000000609408005000400000008008059075653053000650703000080
02069820005000052000000000000009004000708272062096940000680068080055600720000800009403900005050209460000720000030330092098003905045006030038800035000877277207870000000000000030050007809350000000060304
30000000302050000200803500956003357007050000000006500300440007400070050000570700003360000040227005002090027200002000000550034872574000028050800009002000000309667050000000370094400060000000000074032000
60080005200400008283008009006505700097050749000070405000000300020509000950779900060700040200053000000960000000060030000000080720003400954750706600006050000030008735700000990600095700303704000000406600
30000300036200006050000420307453080005007570050000065032800670000007490042009080000057040506700004000800050908800706000608000005009303494084306090007277000300770427080000690860002070500003760600000630
34040900078886000400300000932580000080009060479700003090000002000099230520008002203020000020000632700500030024000725070060006000340300700602600800700030007302072300000396080097000093020970000900000020
00050305000000260000606030400900020706042025700000920003000070000000000080850067209000009000400200000000629700470504038498050000000000050002009900000000000705439000200799805070720200800000952404002000
97208000000006070006907900700090000702080000003500420000880000000288903004009075770004050008000000000206000000907860900280000550000080502859300705526090305000080700080000050022002000247002000003009307
40260005279396789800003060074000000740400003803000806058000800500003869050474406060385985060000000990630000704000900500000006350083000000004000073629290020970200808000068000008720007000005000097009052
30094355000040000060600640000000040898206600585600000020509500583200004860500000000700650060920027048000994000000040000000000000780002320000700030090800090803893008053906972000000080060640000080400708
00500000800300708009050000004890503008040309200800502808460060000933000050000000300320009003872007000407608490030000360000505900294900076900000008488000004009006068090400702800090450066005400796080000
22780000200903300600288000009002000004003000024300000000000000700040002638000037000005000000004470500004000090880020000009005078540080000053000780000005030005008002000400070700000040030000005505520600
00025020700000644772000000805007004003060040520097000000205030940000700200200009096007250820330009490096030000767030000003006000806800000020003000070000040000050000075090020209000300460000200070600000
02500700526009002200000005500096629090004005590895609030000065700683560004005000706070000000020024020500000200800060003800402200000007000082805000000704060804000250050052002000000265008700037020000000
03050785700009500000000500307700080000000002000840004000008508055660706080000000080600228030335004003026000600000007000304040086803500082000000620087030044090900004460070020004032070040000900506400000
00407508505000007040422020000608000000000002300025000000000020500004000004000060006005807058000040007404000900707000003046704902602905009582004804020760900427000000450607900085406706000330408004050006
02000004604089908090700600070004620520950000000005000007003082040906000704009045000056300090000267305002604000466506300020005004003000907096050530440000008005043000337000300700005060000050050720900070
00000096009000800040274050400000000094000750990600302800000800900000500200300079000000628580720006050000845004090200032080005206500000003000000906082030080030000000008035082000040000000040008700000700
00090404807370000005404040340500220083000000000600809300073054705000009006092200350004650050209000438000000906504002098030708000080207090000403040020360308609903400050000204066360400000904006004002090
02470000900000090308005000244870900020040000800570000704000005005006065000500080500500330060828009000508200000002000000092000900000002090090050800009020020980660070439030007006008000000097009000200008
83030008080000006057800080907065000800904000300040350020500500020525070350200080000003900726009244700060900000009650600507092909090540200005278000299804600600576070003070900060007030090007000050308600
00807000600464096370260005400704056000005000044208290000800970760860026000000000700830080006400000520853020907700020603600000800620000709000079942090600004503300620005000700040000035409008908737006000
07007607000008300306000306008000505858003000002000600000000256406300403006520000600840000470800003005004050800000580000000408447200837069620040000380498070700020200700043002505000000047780480564000000
48070003900000027806366060004500004029840096807600007260054000457048009024757000600009205000002240700068034008008005006000800060706500990500090060050000030908000900060007090004020940000094006908400000
03003296000009045888560077000506000000800000000200066420400000300007200006437000006000009007000060000050004000200569000075030403809000740000370400707700006005900003050006050000003005000008000007200922
08005000000004000747700077060850008500900008000020005800400030200000009000000300700005040603068057904360907030300200908300700000000967800000040000000700000000903000000000020000507080869080600000000775
02207050000700405609622970000006044022007005770060060008000002505000000502300000000530990200946700070402006007033000204074000906000500004070403000070029000000090000070006940007500507700075900000003490
05003000507000000009207005066069802044290250000000070000430000900900046255609023009005000080000027000000800900092002000040275070000007008300000009050088076020037200000700000989072002000536000008000503
00460090097400367603966000900005480000090006600700540059403040000200500008600000000056000090200240060070004000009600803040609300008000000000800000000700005000200000430400043706500640040074870080000022
25030809000070059000005000300608506807030005067006000050679300479020600003702000562067898000000000520006006006000550400050000060480000606677063000065000200076692000200040000040560409002300420000070024
90000038600020090390940000007000640000000200048670077628272000000070009060000007000073607003025435280084800303407966000000040804026000520009000400200050000002700090906300000008200050000000000000700000
00540070040005970000000000640000005000008500900200002475000670040520022008000000054900070060000400362000046200000020000200000070088000600500006000000080409000000004600260029900000000020860000300000000
00009000304000006000000403000000004000020500704500003007000000043357090080000040080400505005340009408350009430200000000000607048749002005200360070054000003704385660503066003070600000700600097450000000
00000800000008032000026780400000202020590878000000200006042000503094530007850055024000800930509000050046020008050086000000080740670205000025002009004094000860227607080003200500000007090000027902200000
40006008040027802200980004092000062905470000000575900573800860007080700008320000980020060000000076896545050000040404800405000260095000000063008000000820553047000200204000007280000060008000025032400000
