00101100100110011101110001110101001110010110110101101010001000111101100011011110110011010101110100110
10100010001000111111100010011000110101010011000100100001101001000111100000100010110111110100111001101
01000011111111010000011011000011010001001010100000111000110101111101110110100000000011001010011001101
10101011001000110010101111000001000100000100101110110101111011011001111000110100110000110001000110101
11010010001000000111100011111110111010001000011100011111010101010100101010000110001000111101011001010
00000011111100011100010111101100010011000001010111011010111110010110000111101010110010100111001110011
10110000100010001001001101110010001001011000101000011100001101101101100111011111001010111110101000011
00011010001011101001110010100100100100100110010101100001011001101110000101100000010000100100001010101
00000000001111100100100001010101110111011110110001101111100101011110001100010100100010010100100010101
01111001001001011100111100000000001010001000001111010000111100001000101001100000000111010110010101000
00010010010100010011111001110110010101010101000010110010110101000010000101100010010000101100100011100
01110111010000110100010100010100010101111100001100100011011011110010011101110000111101111000001100101
10010001010000111100110011001100101001001000001000100000011110100011101101000110011100110010100111011
11100100100100011000001001001001001011110010111110000101100111011100001101011101101101110001000111111
00100100111111011011000001011011001011001010001111111110011111011001101100100100011100000010001101001
01001011110010100100110100010000000000101100011001110101101101101011001101111110010111011111101011000
00001110110001010001101111110001101010001100000101100101111100101101101011001011101100001011100111001
01100001100111001011000000010110111001101110001010101001001010001101001001100011111101111011110001001
10110000100101111001000111110001101111100010101101011110100111110100010111000001100100001011011101110
01100001011100000000010001001010101011111001000100010111010001000100110101100110111011000100110110110
10001111110110101100010100000001110001111101000001101111001011011000011010111001000101000100100000101
10110000101101100000101010000100011001011010001111110100111000100110000101100000011101111001010010001
01100001110000011101100010010000100011000110000000111011110011111110100001010111001001110011011100111
01001110000110101111101011001100111101110000111001100111011001101011100110101011101011100011101000110
01100001110111101101001000100011110111001110110100011111000011101101100011001100101101000001000011100
10100100110111011100010110111010110100100011001111100100000110110111001110010010110111000110011011100
11101011001001110000010001000110001000101001100010001001010000000111010100101001100100111111110001011
01010000001100011000011110000001110011001011100101100011101111000110000100010111101111011111100100001
10111110111110000111101100000110000001110101111000001010011000001011110110000100100100011001010101111
11001001011010101000010110101010110001110111111011001100110011110001101100000010110000000001011011110
10000101000010110001100011110000110011010011001001000000000101110001101101001101111100001101000111000
11100001101110101100111111100110010111001110000011010010010011000011111011000001100110101000100001110
11111100000101101100010111000101001101110000000110100110011101110010010101110000000100011111110110010
01011101100111110010100100110010000000000011101010100100100001100011000100100010001001000011001111010
01111100000100000101110000111000100001011110111000010001011110011000111001011010101110000011010111110
10010000011101000011010100111111001001001101100111101001000010101101101010000101100111110101100110010
10011100110000101010111010110000010000100101001101010101011101111011101010111111100101011001111010111
01101110101001110001111011001111111100100101101101010101001010001110100011100110100111001100000110100
11100101101110001011000101010101101011010001011111010000000111100001110111000111010110001100110010001
01001100011101111111110011111100001101100010010100000110110100110000100100010110111000010100111000111
00100101010111001101110100101101000011000100101111001011010110110010010110000111100001111001011110101
00001010101000011010110101110001000111110000011101000000101101101110110001100101100011110010010000010
10011100010000000101101001010110011111011001000011001100000110100000100110010110010101011001000011001
10010001101010111111110011000011010101111100110010101101110101100001001000000000000101100001011001110
00101010110010001100000011110111011111001000001100011011001001101101110111011110101100101001011001010
00101010100100010010001101010111111011111101001101000111110010101001101101100111101110110101001010000
01110001111000110010011010100101110000100010000101110101110101010000010111010000010111010111010010110
01011110010101101101001110000010111001100011111011100101101011010111101100010111001110100101001111101
10001001101101100011111110001101111100011111011001010101010111110110110001011111001011111010000001110
01101100110010010000000111101111101000100110011000101011000101100111010010000011011101000000011001111
11100111111001111111100011110100110011100000110000001010100100010000001010101110101101111000000111000
00101011101010001100001011010111010101001111100101100001011010000001101111111111111001111101011101111
10100001010101011100111000101000011001011000001111010101011110100011100111000110101111110001000110001
00010000010011101001010111100111010000001111101110111010100110001010100011001111011110100101110110001
01110010001111100001101000000100111010100110100111111101011011011101011100011101100101010000101000111
01110000001010101100110010100001111011001100110110111010110010110000100111011111010010000100111000010
00001010111001100101100001100010110001110010010101110011010010001001011111111010110011001011011001111
00101011111011110110001100010010011001110101011000110011101001111011100000001111010011000111101100101
10111100100100100111001011110011111010110010111111010011000101111011110011101011001010110000110000110
01111111101000011110111000101111111100001000000110000010101001101010101101100010100000001110111000111
01011001011111101111010111110100100101111000101000111011010000010001000000100011100011010001100000001
00011010010100111110001101101001001010111000111110001101100110111001001110000111000000011000111111101
01111110101001011110001101011101111111111100110101010011101101011001110100010100100001100100110011000
10100101111101110100111101001110001011011100001111111111010000101011000010100010110000001111100111101
10001111010001001011110011110101100011101010001000000111001111100110110100010000101010101001001111100
11000110111101000101110110100101000011101001110101001100101010100010111100111011010010011110000110000
00000111110011101011000110110001100101100111101010100001011111101101000001110110100101001101011111111
11111011101011110001101000101100000000111100001001101000110001100110101100110100100000100111001001100
00010100010000111110111110001101110001010111110111110010111111000111011111101010011101100110101011100
00011111100111000000101001001011110110010011100101010111000011001001101001001011000111001010101001000
10100101110111111011010000010100110100101111010101110110111101110100100111110010010001010010000100000
10011101110110011101001011000011101111100010001101110001111101011010111011110101100001101000000111111
00000001110001000100001110101010101110010000101111001111111111000100000000110110010100111111000010011
11000111001010001010010110111101010111111100011100010010100001011110011110001101100011111111010001101
10000010110010010101111000011011010111000100111000000000101110011101001001011110111011110000010011001
11101001111111001101011000001101101010010001101011010101100100111100000000001111101101011011110101101
00011100000101011100100001010100111101100000101110010110100001100111011011010000111110011000000010001
01000110010111010100100110001100100110110011100010111110111011110101001000000000100110110100000101101
00111011000001100011000001101101010100111100010110101110000001000001011000000100110001001110111001110
01100010001011010110111111010110010111101000111101101100000000000010000010110010011111000010100100111
00100111001101100011010111011101000000110100110100010100010000000001000110000110011100001111001111011
11100101001110010001010100110110010010001101001100110100000100101010101000011100100010110111010010100
10101010110000111111101111111000101111000101100111010010000011101011110011101010000000000000011001001
11110100100110111000000100001011000000100101010100000001110111110000001010010001101001000111011100010
00110111011101000001100111010001001001011101001100111001001111011011100000010111110000111011111111110
10110111111001111100011110011001110001111101001110110000001000001010101110011100110110001010100000110
01100000101100101011011001100010000101000111011111100110100001011101111111001000100111011101111101011
00101010001100100100011001011011110111100100000100110101001010111110011110010100000000001000111100001
00000011111100110100000010101110001100000000000011000100000111110100101000101111101011100100100001000
01000110110110111010011011111111100001001110011100101110101100011111111110100010000101011011101100000
11110010101101101000010101010001101010100111101101110010111000110011010010001111101110010000100011101
00111110011110001111111010011010011010011111111101101100100110010110111001011100000001110010101010111
11001000000110011101000001101010001110011110000000111100010100111001011111011001101101101110010000101
00111000110000010110110101110001110111111000001010000000010001110110011010011010101101111110000111101
00101110110001011011110010101011101001110111001111111101111010100111000011010100110000111101010011110
10111111001000011101100011110110011000110010010111000110011101101110001110100110110001100110011000101
11100000111011101010111101101001100100100011011010010010111111100101101111010011101000001100111001101
10011011001010001010101010110110000011110000111011011110000000101011110010111101000011100101011000001
11110010001011011011111011001101000110011001011000001110111010010110100101001101111110110111011000011
00011100101011101001010001001010001101010111000111101010101111101110011010001110101111110010001001001
10010011000011000101100101101101110011101011111001010101110000000111101110001010011001001110101001010
