00110001010000111010000011001110101001010000110101100011101110111111011110110111111000000010011000111
00010011101011010011110111110011001110101000001011111101101001010110000110011010011010001011010101111
10000101000100011111010101110101001100111010011100110101100010000010100110101111001000111101100101001
11000001111100101110000001011100100000001000111101100110110000100100010010010101101101000001110001001
01010100111010000101101001011111000111101010111010001101110011110100001101010011000010011101101110010
01001011010110111010010110000101011001011101110111100100101100000010010000110010000100010111111000100
01000100010100110011101111111100100110000001000011110011110100010100111010110001010110100101100111111
10100110111001111110011100010110101111001001101101101111010101111000000010101101100111101101111100100
00010001000001110011110110100000110011001110101011000011001011000100100110001001001101000010100100000
00001001001101011110001001011111011010101101101101100001001100101010101100010010100110011110001111100
01000100100000001000111000001000010110001001001001000100101011101101011001011001111100110111001111110
11100011111001101100100111100101001000000101000110010100011000111001010010000111001101100010111111001
11111100011001100011011100111111010010101011100000011000110111110100011110011000111011100111010110100
10101000001010000101111101011001001110010001001101101101101001011111101001000111101001100010101100010
11101110101100011111001001100000100101010101101110100001111001100010100111111000101011100100010010011
00000011110011100000011010100101110001111010101001010111110100110010010001010001100110101101000011100
00110000100101100001011100101000101110110101100100010100110100001101000011100001001010111001011001001
00101111110111111011111101101010011011010100110010110110101111101001011000100110000100001001010001110
00111101011101010101100100110011010011111101111001110110110010100100101110000101110011010100001001101
10011011001000100110011101010000100111111110111101011010010111100001000110010000001011100010001011010
10101110001101000101000110011000010100111101000011100001100100010000100001111001010011000001111111001
10011001101001001010100111011010111100000010110110110000001100000001100000010111110011111001011011011
11010000110111110111000111111011011101111101001010011111101001010110001011101101011000010101001100110
10000000000100011001011001001100010001100010010011010110000000001111010111010001000101100111011100010
00101100111010100111011000111100000101111000100111000100000111011010110101001000001101001000000010001
10000100011001010100011110010110110100110101101101111111010100010110001110011001110000001100100100011
10110011110011011001001100001001011001010010000111101011000001000000101010101100000000011111100011011
10000111001000011000101101100001101100101011111011001010101010001110111110010001100110010011010111111
10000001000001011100111100000011001011110001110110100111111110001101111011110010000011110111000100101
00101101100110011101000001010010100101110101000001100111110100100101001111110110000100010101101101101
01111011000011010111011011010000111000011011101100101101001111101110100111000001101000011100101111010
11001111111110010000011101110010000010101011111000100111100000010110011100101000000011011011111100101
01000101000101100001101001111010011000011011111000011000100011000010100100000000100010101100100011100
01110001000011001110010011010010101110100000000101001100010010111010100100111100101011111001111100111
10100000011011000100011011010100110111100010111101000101110110101100101111100110000010010101110100100
00000100101101001101011011111100100011110010110001010100101111100110001101010011110010010000101111100
10111011001110001000000110111111110101000101011110000100011111010101001010001000111001001010011110100
00010010010101101001111111110110011010101001111110000111000000011111111001101110010101101101101111110
00111001011111100111110010001110010001001111001001000000011000110000111100001011011110110000010110010
10010001000000100101001001111000001000101100100110011010010111101111010101000001110100111011100001110
11100011011100101011011011000100110011110000100101000100101011110111000110101110111111011110001010011
11101100101111100100001011111000000111001011011111010110000100001110000001101101101111110111110001000
11110001000111111100111101011110010011010101111110001101101011110111110110001101011001110001100110011
00010111011010001001100111011000010101100000111111110011000111000100000001101000111110100000110000110
00100000011110110000111011011010011101111000011101100010100101011000111110001001011100000000100010011
10100111111100011000000001011111000110010001100111110011001110010110110011010010000100011000001100100
10001011100001101011010010000111010100010111000100100110011000111010000111011111011010101101010110011
00100100010000101101101111100011100001101010010000010101000101111001110000001001001110101000001011011
01001101110110101100001001100100101111001000000000011111101101101011010001111101111001111101100101100
01010011111010100010010101010001101001101011001100010110010110000100011110011011011011001011100010001
10010100001001000100101101011001100110111011000110000011010010111110101010001010010110010111111100010
01010101101100101010110011000101001001010010111010000110011010010000011101110101010111110011110100000
00000001010110000110011001111100101000110001011101110011111010111100010101111011010110011000011001111
11000101001101110101010000111110100000110011101011010001101001101110100000100111010111100110101111101
11111000000000001100010110100111100000101100100110101001000011000101010010000100111001101111000011110
10111100101011111000000001100111101111010110110010000100110100010001100100000000110111110010000100100
01010001100101101001000110001010110011010000100100010100000000011101010111000101101100100101010100011
00111001101000101011101011100111110101011001011001010100101001110110000000100101100101000000001100011
11100010101100111100100011001100000110101111001100100100110010010110010010110010100110101110110010010
10110011010100111010100111111010101010000001110101111001000001100011101001101010001000010001101001101
00110000011100111110100110000000101001100001000110001100000000101111110111010011001010101000010110000
11011011101011010011100010100110010101011000111111101100110110000101000110000111001011101101001000001
01111010010101100100010100111100111111111010100111001111001000001011000011001010110100111101000100010
11001011111110111001110110011100111000110001000000001110110010001100000110100111010011101110111000011
10000000111001100111010111110101001000001101001100000000000110000101001010000100011100010000001100100
11110010110000111010111001110101000110011101001001110100101011001001001100110001000001011001011110010
01001101100010010011101111000011001001010000010011101100001011111100111010010111011111110101011100101
11101100001010010101111010110110001100001010011100000100101111011010101011101110001100111001000011001
01000111000001010011000001000001101110011000110010011101010010010010011100101101111011110011101101101
00001100010110111110001001100110010100010110110100100100110111110101101111100010100111011101000000100
10100100100100110011010001010100011000100100100100010001110000100111110111111110000110111000000011000
10100101111000111011010000010100100111010001000111000001001111110010000011111101111110001111001001011
01001000010110010001011110001110001010111111101000111010101100100101010101001110111100000100110110000
11010111001101100010001111001010010010010001101001000111101011001100010100001110110000010100100110111
10001101110011010000011100000001001111110000111001100011011011110011000010001010101011111101111111000
00110100001101110111011000010110010110111001110001111110100000101010110101001111001001111110001000000
10001011101110010111000001011111101100100010001111110010111011111101101000110010000110100110110011101
10100111001101001101010011111110100000010101001011010010111001001111000110010011110110011110000100000
10111101110001010101011011011101111010011010011111100000000100001000001000011000000100100101111011101
01100000110101101011001111010101110000010011100000100010101101000111001000001010011001011010001101000
01000010111010000110001000111011110110000010010000100100001101111000010100010100000101101000001000100
01001100001100111111100011101011011001001101010111011100110110100010101101010011101100100011011010110
10001001010011011100001010011010011100111000010100101001000001111111010001110101100001001000100100110
00101101011010001101011001010100101000111100010101000100001110101001100010011010010011100001111010111
10011110010011111110001000101001000111110100101100101110111011100011001011001011001101110111101100010
11101000011000100110100011111111000110000001100010011111100111000111010110011010000000010101100010111
11110010001000001110100001111000000110011100000100110000110010011001111110100011100000000110010110100
11111000110010111000100110011111010111000010010000011100100011010010111011100010100100101101110011000
11010100111100100011001000000001010011111110100010101100011101001010001001111011101100010000111100100
11111011000001110000001001000111011111011110101011011011000110110001010001110001111011111010001000000
01110110011110111101010110000000110101000100000101001001010011010111111101010100100010001101110000100
00100011011011010101000101010010101100010001111101100000100001010100110001011110010011000100000110001
11000011000010101010101100110110111101110101110101010100100111011110100101101111100111101111000010001
11100101011110100001110110110000100101010101100111011111010111011100001110100001100110000110100110000
11000010111111010001000001110111001001000110001101110110000010000000111111011100011110110000110011011
11001101101101000011100111011100100100101100111011000001110011101110011010001101001011101001101011001
00101000101011100100101001100100011111110110100110101011101110110110001101010000011100111000100101000
10110101100101100001101100111111011110000011101100011110101101110111101011001100111110010001100000011
10111011011011111010100100110000001000110110011011001011001001000110000100000110101011000000111100010
01101011110001011000100111010001010010111010111100110010111010011010110001110001001010000111100110101
01001111110000001000010001110101100011010001010100111110110011011110110100101001001101001000100000000
