0100011111011000100110011010010111011000111000111101000010100110000111000110000111010011010110100101
1011010001110111010101010000010101110001110011000100100100010100011010101111101110111000110000101001
1101001101011110110010000011001101111011111001110111100101111011011100010011101100110001011100010110
0110000010000011000010001110010100101110000101100000100010001111101110001001111100001101001101000101
0010000010110101001010010100110011101011000101011110110010110100011111011000010011011010011101101100
1001001011101001111110111111010100101101111011110111001011010110011101010010111001100010001110100010
0000010111011110011001011011000001000011101101000101100011000000110000100010010000110100000100111001
0010110000001001100000101111111000011101101111010010010100010010100100010010101100110011001011000001
0000001101010010001011001111010110100101011100111010001101001011011111100101010010000101010001111101
0111110000101001110111101101101111111111001100000100000100101111011100101010110100100101011001100010
1101100101000001001001111111011010011111001011101000111010010101010111100000011101111100100001101000
0100110010001100100101101000000010111000011110011001010000010011101010100110110011010011111101100010
1111111100000111101010010001100000010111111100101010110101100010011010101010010110010100001000001001
1111001001101000100111111101001100111001000001111111010111011001011100011001010000010100001100100111
0101111001001000001010100010101111010001101110111001001010011101110011101001010110001110100110001111
0101111110100010011111110100000001000101100001001001100111111000011101011010010010010110010111011001
1001100111101011001111110111001101011101110000001011010000010001010010011010001001001110001010000011
0011010011000010001100011100100111000110001000100101111110010101011010101001111001110100000011100011
1001111001100100100000010110001011011100010000011011111011111111101110011100001110111111000100111010
0010111111001011000000011000011101000001111000100001000011100111011010001100001101110011100101111001
1111001010000100101101011110101011000001001111010011000100101110111000011110111100111001110001000100
0110001111110011001100100101010000011110100110110001000101000101010111011011101110111111101111001101
0110101010110010111000010011110001110001001111010011001101001000111010111000010101001011001111101010
1111111100101011101010000000011110011000000011000000001010100011110111001110110111111000111111101100
0100101101110111001111000010110101011001111010100100010101011101111001001100010101010010100101100010
0110001101000001110010101000011010001100111111111101110111101100001100001100011100111011101100001000
1101111100100101101100111100101011001011101010010011010111011001100110001111100111110010011000110111
1011111001010101000010100100011011111101001010101100111000001101000101001001001100111001110010101110
0011010011101100000100011000010000001110100011010001010001011100001100011001001111011110011010010000
0110101101000001010100111111100100101010000101110000011011111101100011100110000111100011111000101110
1000001001011100010111110101010000100011011001010101010010111011111011101010101111010001100100011000
1110000010011000011101001111010011011110101101110110001010100100101110111100000011111100101010000111
0101010010111110101101000111010000110000001111001000110110011100000100110011110100011110100010000110
0100001011101010011111001110011010110010101110100110110101010100110011011110101100101110010100110101
1101111110110011100001111111011001011111011011011000111111000110010100110000010101100001001110100101
0110111000101001010110101001111100000111000101010101010100100101010001101001000011101111101010111100
0100110101101111110110110001101001110001101101001101111001111110100100110000000100101110110001011110
1110110010110110110001100010100110110010001110110101101010000110010111010101110010101110111110100100
0110110010011100101110111000101100011101111111001101000100111011001100011001010110001010011111000111
1011010100110100101011001010000001111110011101010110101100000011111000011000100011010001100010111010
1001111011100110101000001011000011011101001000111101101010100000111100100101101110101000010110110000
0110011100110111100000011010010001110100101001111010010110101100000111011101010101010110111000010010
0000001111101101110010111101111011101111010011011011110000010000010110010000110010111100001010110101
1000101110010101010101000010100000111110101000000010111110000100010100110111110010110111000010100010
0011111111011111011011000001101111000100111100110001000001110110000111010110101110111101111000001000
1110101100101010100000001101101110100110011110100010011010101000110001100111111111100000011101111111
0111110010001010011110001110000010111010101001010010001000110001000110010110100011001010100011100100
1100100111101010110010110011001100011011000001101100010100100101011011111000010001011100001111001101
1001100011001101010000101010000101001010110100010101011110000110001101000111101111000011011100010001
0111110111101011010000110000001011110101110000110010100000001100001111111001110111010000100010110110
0001110101111101000100011111100000110000101001100001000010000101001000111100110101010110000110111111
1011010010100000111111110100110110100010111110011000010010011011001011010110111011010001010100110101
0101100011010111011110001111101100000010101110001001000010110110010101100111101110010101010010100001
1111101100111101010001111101101000101100101001001000000001111000101011111101101000001010000001000011
1000000111110110001110001001010010101001100001010011010111000010001011001110011111010100101100100001
0010100011011101010001100101100110111111110111010010010001011011110010111110001001101011010010101111
1110100100000011010111110001100101011011000010001101111000000011000011100100100100111000011101010100
1110010111011001101110001101110100100011011011101110100100010110111010111010110001111100101011001110
0101000000111011110111011100011001000000111010100101100111010010011001010111110101110010011000110100
1101000011111111001000100011010000011101111101100101100010101111111010010110111110111011001111000001
0010111111010001110110101001111111000010011011100110111000110001101011001010001110010010001100010011
0001010011001101100000010011010110001011001101101110101000010011010001000100101101011101010110110111
0011110010101011111011001100101000011101111100110101010111111100111111011110111100011011100111100001
0110010010011011010111011010001001100100101001110001011001011000000001000011000101000111101100000011
0101100011111101110101011001100011011001010110110111000001100101000001010000001111000001101000010011
1110010111010000100011010000011100110110111000111000001011011011001010000010011011010100001101111101
0110001010011101110000100011000110100011011101100001010101011100000000011110001001101110011000000111
0110010010001000101000010100101110011111101100001110110001001001111000010100100110001100111111100100
1101011111000111011011111010011010110101000000011111001101000110010101111101101010000110000011000001
1000111001001000011011110010101001000000110111000101111001001000000100110001011110100010110000100001
0011000100001110100110011010110000100101011111000001101000001111011001011000111111011010001110101000
1111010000000000101110101100100100011010100011010010100111111011000000101011001101000101001110011111
0101101001101001010001110110100000011111011111101101010011010011111110010110010000000111111110010110
0000011011010100010010110010000101101110100010001011001010101110100111111010001111001100100100110100
1011111111011001011010110001101011011101011101001101101001100001001010100001100011100101000110001001
0001111111101100000010111100100101010001010011110011100001010100111001100000100111011100010110110000
1011000010001011000000011001100001111111000001011000101111111000011001011101000111010010011101010011
1011001000010100010001110111110000011110100011110101101101110010110001010101000000011010101011110100
0001101111010011110011101001110100100110011000011011000000001001000101110011100001010110011001000110
1100010010000011011001110111110010011110100011110001110001010010101010001100011011010000011011110110
1000100111001110100101000111100100010111101100101010011011111100001011011001111101110000000001110110
1100111010001100011110110000101111001100000010100111001011101011110110001110100110010010111001011111
1011111000010100001000010000011111000000110011100001011010000110000111000110001101011010000100110111
0101111011000000100100110110100111000000100101111011000110010011011001000101101101000010011010111101
1001011110000011001000000110100100011101100000001001100100011110001100100010011110010010010110110010
1000011011100010010110011110011000100111111101110010111100111001011000100111000011000001110000111001
1001001100011110110011000011101011101100011100000101011100010101011010001100010010110000110100001010
1111111011010101010000000011000100101100010111000011011111010011000011011110011001110110101000011111
1010110111001010001101110111010011100110111110010000110010001101000011111001000110111110001111110010
0001000101111011000100000001011011101111011110010101110000111110001001101110110000010000100000000001
1111010110110000110110001101100101100011111111100101100111101100001110100101110000001110000101101100
1001100000111100100001010100010100101100110010001111011001100000001001101101010111010101010011111100
0010100000011000110010101010000000100100100011110110101111101010111011100110000011110010111001011101
1000001111011100010110101110001001110111010111011011011011000100110010101101100101000110010010001001
0001000110111100011100000111010111010001110000001111000100011011111001010101001010101110010111011010
0101001011110000000111001010110001010111101110110000010100101110011100101111001001000000011110001111
0001010000101101001010100011010100110010110000000100000101110000001101111011110100101111000011010101
0100100111010010001011101110100001011111011101010000101110011101000000000101111101101111000110100000
1001010101110001101000101100101010011010111100111110001111001110000111010011110100110010111100001101
1001101110111011001000011101100000001111001111110000001010010111001001110111001101100010110100111100
