00288747603063447430060658836955700207865730684908087049826373280369720070593832
00053805204037898348203056690980296820988062098520000000050205849949248432607295
20042502865378060250027500549975442085890883380664090880408430048625573909553098
85405286682470089702728687975662084300684062822366200052580889230873848865558524
83250535066477966302770908570755000400863900745600943038427605034408485770955068
78525074070723274840032008803095009709902349947638942080009897365423500620978087
40083703000066974223605025560003008500308655687099049593472294650289926005344720
75265430282780963885780443087459352947806553994070587220057062225938220492370482
62860002032044094047029682930978705002802640454928900034765508490520888056094897
00686708308422660059500040787228446099702599360399800058567295260920420695863598
34526002280023409680530033348073669537030290737856476426008059030253080020260809
00344707040002490530026975396803963202898435030747370904046085308700992243962899
63777268422004074770536630830587058623763254072588622264370003007220879050753494
37807360423240409550793346809626926555074590692580352783259902070073055997400377
48009299064404033304542888239724570003509000998209693050939706430089524400979000
49686776960970302609727865530852374007452588040950256040870054443520380846274770
78096443409049320934067060094040263907073903760265682423209755558330950048070772
43273828006575369006895239223463744830629668043940236633562904990400935272806080
34500428458375003007482686000076575036076880686235023008999442026995990978058367
08022035790000494670509272063225757660238440580904508776026780808842667207054580
02077067055057570845069604999043050330543906647380932042998938505802488080747055
60227308203239426980600484397003228897644025986748934800494024036026526988786809
03780250900663277529900304793458000020079240930902979570043422640709990244843000
60569004600963880262643002720799498060220407065568062023660349408290290706405842
55080024843734866387080000806098485540579376005745559665200600600904679509274094
86078853203506850962444200843955660999822709603033749700040978705305435030937764
86595850973388250200937788042508379527937083500423690470248074277008440087520042
39477068384930339206999204406275696990750582780580070030005940360897786000074707
60950307078609904303973063260995969070056502793606073268899788682097685800430058
99967004920856780402004709529037704900762527226303787403350765096228030306269802
58765905727082254672405995079300829900504530544003453038207409042070002677098046
50525539883376420365338985855700064742084793750058035576067407849465220598263572
72400003746909532757020446369780097306280009003560352854403270976909066760734070
09480005046652776475520986796026909876320504500259007388443345305460589670654902
06240982569386043457080850969494790266093409905866975578342837977277496208083804
28034759005265009806380059590997382003720330329405046739068066050020668290880977
02800004093025000336392649297004076002290450900840040264030559844003085065520398
70500907297235377060070009700002666320033060002004093032060007024937526275432334
89868938870870540602560258970750230720022674005020500298930904484020230054382324
68986000003967057273447272355608829293208505475097590045620750600405686030024904
58043286220834923968349092706244003003280076872233304547600048072907500630607202
70809365652425059684902437055557054340650000500964545047870046403760323065268603
36860455499359080684024070880239000356707006666570043654024046303827804007642400
02320953090540083800650769322703949000456060609870002902680840667093308649094309
60387969437006907065699006577257059390048566050552027054605926965300440260286408
89824489563379946488483600089245000200077060507073903722092209073903007802064265
48025774407022800360760553003640305902552069070695005059099240008480670206449908
95636600938755292929379570456300528480002958506090077007009626970032888647383923
02660397295488056430840643280005656040293677579902344088025654020007594503767203
80460890896780905054082853306338096504073400235020026528895090095800244200023095
00029905984363626205999057600740309000553500090030093328309690052859876427670048
80904448007725958320337654977853507449090440200742907083483023769402668926382846
70003297006022362638249299003735275603004532735746370302500294507034096000479398
00800052004927004607085067402405835720205069070005303094098840873600624567805880
40853892352068542307407260736037587363944450525082280905976067930042055452483628
90028030486443003386200350008386488942857742429788832450995330286047374002290000
80454040750032982590940620208320443000966806600008345099090577406026000949962502
25082075660475370692994604409506044636320728099029080979903004806540388709804008
60807927578609909296843000859077332800000040529955930865030388800587097963242907
32486820520009707947904369097744238050970008922660602803503070447059907679897069
70380996095800055048322407748600743650054444204259929463708709076030440049002704
35095742859532645420842908408597057697408660690640034070748090006803082240705747
28020362420300445908506467236008939080460436900900075892488400006072900062400940
84433652963007345920034000768944707542807006670729560738000470000848074300582034
09804505000870038068560805702629657044402337538005297306660766600550250386069000
39684429592720053498807293080204942009049780394008840600055008085027522486994004
64270283225027823094020900099276067203200629008300503044248530745200075703930682
99538398003003900052269045877805907037057073030270924027607903280700607902364743
72584592840980539996459264476002054605265383406852860603030940902506020434007920
24748022828975285396829973488302689682380200407894769257089048075270200065335535
08385060800295400507860095065020696856060348070844686454087702040257000659284869
04987604060209480292092750008365762202006006282652490540979602033479406057040583
73067209592459044770884003800079670967533604600400220650406744608800365500006000
02950052650307068287084690700678008055400579026730760722993990206632459700480900
56559933082974920800778429504202760854306260204370634842982807450993032004085036
90555747966650777055484073273696358823820649864862787089604900086936038408800224
37385840430230940684763547040983443002247824649373029530242725029404754060500357
82050074858843077035080807070805098933392643429920083860509077900067958509023097
39926828990997077868500496405047700793200000060209449820000604430084236800325908
25848702789947002070590244278262024784442309858335868080287947040423059300647780
