07990527320937095040028704606547555333290738746704
70047596690902345936062502039733930300734567065732
90090622337405849809243834732890402508007535362900
94907697422579200035247052750570025730088240660889
07070559607044074933095728780003078970722450832986
55665089270080226276070765940876635067300024226908
29295808603532939776602873926022523042008073432094
76279980740966628680829668396800835024403079860402
36346267006949400720236096666576486042047045032040
29320704007888503428839727020002700035487552309002
00727030670885468870892070299748600259789293328839
99450059988090002573900356423806733670607834008848
30074836488903934452867060520407400999280290047020
72594026985030905906000866868083046265539306009630
03820296454099095824605605623020808895053080095904
94407232006030907060669400832040003925802322027900
55904698038245570062398622293038899094634233065444
09809276748549800020792344529568290040955030664800
43033778227750266204493070746933893476700553089623
06953660080326402040406456750558643790340082079240
00220068288980663744000756626720234309633470800785
26449702339060069990005596722207648484262630990620
82375029692070598236050466508052000336004250528049
75807786070308646304754093792095958090290707865306
00352676927566002475596900930500466365896680622302
42428538670606502406666300800408063404382500939452
60777993602458682577675798088074303740550580428303
03358429629226239245220930800600606309200974924903
69200066609308323960628200800227935603685050895607
57850808507840000595720054062063246948909925707225
43970720704008243635205900702600953503404078777777
73003620628673008838072508407300996807875858655305
59400658476740808286260940369299002750922878604900
53027323800304009994340566003459008703520808527944
50258535600306839033480863365636280920732025020006
33579000002692890047343034736958779050030503653328
30037642435796929479083960400400502509208046856900
30800724259095554060946054093837030090570502040227
27007304047625086973620283526948957025007785723804
93082000488083503504360998508007223307003503969822
04782083779709324500324062005945202080730363344034
75524000052823032050462765590908880505753030026382
36345277459390823358735080875275702040806303658403
87500439523406023032000700040588885362533030450303
70368248033000000600895869498776650680793064005850
46663236302040926687092623229075022554264255002008
65202620298879575499008529845775470360394680520839
77989904008806994862760334396273990392880343808080
03088090403423004024824005000270040202023800503803
42096842029800404030509622337575046807424233089030
