0101001111000000000111100100010010101001001000010110010001111000000010100010100001000011000110100011
1011100011000100101101010100000010000100011101100000100011111001000100100111001010110001101001110010
1100000101001001000101000100100111000011010000000010011100000011101010101100010000101110001011011011
0000101110110000011100010110001100111010010111000111101110001100010010100011110011100111100010111110
0110010110100101011101111010101111001110001001011101110010110110001011100101011010100101000010001110
1110100100010100001010111100011001010110100010010011110010011010110000001111000111110010100011010001
0010100001010000010100001011111100111111100110110000111101001001001000110000110000010011111010101001
1100111001000100001001000001101010100001000000010001111110001011001100111111000000000011011110010001
1110100101001100101011100101111000010101011100011111010011010000000000001001010010001011010101000011
0101100000111001001111100000100100000000000100011100001100010000000010010110010010100111010000010010
1110111010000110010010100011101101110000000001110011001110001000000010100101010000011011000100100001
0010111010000000011100110001100111100110011110010011101110100001101101010101000111000011001111010110
0100011010110010000000110110000111010110000111111011010001100101001111000101001001001000011111011010
1110100001000000110110110001111000101001100001001111110010010010001111100101111010100111010011000100
0011010000011000001001001001011111001011000011101100001011001100101001100001010100101101001011011110
1010000001001000000011000010100001111001011111111000001011001000001100100010011110100000111001101000
0101001001111010001011000001000001111110110100001011011010011100001110110010101011010110111000000100
0111011010011101000011001000110011101100000011010010100000111010101111101010100111001010011000011010
0101011000101101010000001000010101101111100000111111001000100001010000000111001100110000011001011000
1101101011000110100001101100010001000111100111010000101111110011000001000100010110010110000100000001
1100000111110101111101010001011010010010101010110010010000010000001101101110011010001001000001010111
0011100011000111100100000010101001010101111001010110001011110001110001101000000110111111110010001111
0001000001100001111010011001110010111100011100100100001000101100011011001010001110000111100010100000
0111001000100101111000101111110001110101001010001001010010000011010001100100111001110001111100101011
1001100110010000011100010010111000100010000001100110001101010001100100011100011010010010101100001001
0101110110101010011100101010010001000010101011010001100111101100001010000001011100001011101100011011
0101010010100011011100001001010011010001001011011100001110110000101100100101001001101011101111110111
0101010010000100001000101000110001010000010001100011011111010010000000010111110010000010100101000011
1101000011101101100001100011011101011110000000110100100110111000100010001000110011010101100011000110
0000100000000000001111010000001010011110100111010100100001001111101100100000000001001010001110110010
1001100000010100100110000101110111000100100110001001111100110101111110010010110010000010100111011000
0000000000011001100100110001010010011100101000100110101101010101001011011010100110111000110110110110
1110000000100010011100100110101000011111001100100010011000001100011010100100010000101010111011001000
1110010100000100000000011010001010000111010010110100001000110010010110000110101011101010000110011100
1110000011000111000111100011001001010001101010101100110111011010111011001000111011001100001011001011
0111111111001100110000001011010100000111100010011011011011100110100100011010110010000010000001010011
1100110010110111100110000101001011110100100011001110000101000011001001111001011000111110011100111001
0111101111000110010111110101001101100000000000100100010100011000010101011000100001101001010101010100
1011111111010011001010111111111001100000000101100110101101100011111011101001110110010101101110101001
1010010001001100111110101001000100011000000000000101100110011110010001011100100000010010110000110110
0011011000011000101101001101100110110010011111000000100101111000101100110101010001011111110101011011
1101100111110001010111001010000110001101001111001011100110000110001101010001101000100001010111111000
0111010011100011110011010000010000010010110000000000001110011000011011000001100110111101011000111000
0110000100010000100100101101001000110011000000100110000000011100100101011110100000111100010001001001
1100101011100000100110011110010110111010010001001000000101010111110001100011000000010001000001011110
1110000011101011101010010010001101010110010010100111111010110010110100010010000010010101100001000110
0111010100110110110111111000000010011011110000010000011110010000101111000010111110110010011010101010
0001100101000100010110100100110011001111111000000100111101000111000110101000100001010110100000101110
0101101100110001010110100001001000101010110011110111000111000100111100110101100000111010000110000111
0000110100001000111100101111011110011000010101111001001001001111011010011000100000001101001101010110
0101000110100000001011101101011010100000001001000001010111011101110111101001010001011110100010110110
1011110000010101101001000010110001100110001011011100110000010001001000011011010001111001011001001111
0001001011011011001000111000001000101100010100000000000110110100100110010101111000101000001001011111
1000100100001001011101011110101101001000111110000001100000010011010001001011110101110000010100100010
1010111111000100110100000100101100100100001001011110000100000101110001011001101010010110010100101010
1110010001111100010101010100011100100000000111101011111010010001110000010010000101000100000101110110
1101101000110110001011011101011111011100101100110011101100100111100110100001100100010111101110100100
0000101010000010001000001011001100000101011001001000001010100110011011110001010000101010011000110110
0011100111011000010010000010011010110101011100110100001100010100011111001100110010110011001000010000
1000110000111011111011001100100111100110011000101011000100100110110000000010000001001101011010010010
0011010000011111110101000011000000010101010000000110001000000111011000011001000011010010001000100011
0101001111010000100000001100010011111110000101000010001110100010010100000010101101100100000000100010
0110110010011001100100001111000110011011010101000011001001001000011000100000010101011001011100101010
1111100111001010011010011100010111000111100000100000001001010110000101100101000011100011000000000110
1111111110010110001101001001100010001101111101110000000100001010001000001111011010100110001100001001
0001101101111110100101010001010001101110011100001001000101101111100100100100111101010000010001100010
0011111000000100011001101010001100000110100011001110100000100011010100001000000100000010011101010101
0100101100001000101000001011111110110111001000101010001010001000000000100010100011011110000001110111
1110101001011001010000000000000001110000101110000100111001010110101000100101111000001110011100001001
0110000010011110010101011001110001100010010111100001100011000101100000000100000101100000000000010111
0010111000001001001010000010100011000110100101111011011011000000010100010100000010110111101001111000
1100111110100010110000100001001101000000110000111001100011010010000001001001111101000010111001010000
1010000110100001000100011010000001010000110011001000001010110000001101000010100001100110100100110011
1001100100010011000110001010011000100011010110010100010101010000101001011000001100101100000001100000
1100110001000010111110011111000010000000100111000001010000001001010010111100100001001001010100101110
0100001011110011001000101001111010100000010001000101011011110111110010010110110001100100111100000110
1110100010000000010011010100111011111100100000011110010100100111111111001011011010110110101010011000
1000110111111100100110101001100011001001100011010101001011100001011001000110001100001111000101001100
0000010011100010101100100001001110000010010010111001111000100101110001110100100110101000000001010001
0111001001110100110001100101101010110110000100100001110011010010000011011010001001111010001001100100
1001000101001011100101100000010101000000100101110001101011000100110000111011001001101010100010001100
1100010110110100110010011010000100001101101010000010011010110001111101010100101000000111001011101100
1111001000000110011010110100101110010011001000010010110011010011100011110110110001011001011000100100
1101000001101010011000001000001101000001101001001100111010010101001100001001101110001000100111110111
0110000110111011110000111100111011001001010010010101110000000100111011101111011001000010001110001100
0111011111101010110000100001111001000000001010101111000100111111110011001010010000100001101100011000
1011000010001001111101010011101100101100001100000101011111001001000000110010011000001000010010101100
1101101100100100001000110110000101011111110000101101011111000111111000100110010111101000010011100100
0110110000101001010100100000010110101010001011100100100010101000101011101110000101001111001011111011
0100101000101100111111111110000100111011111010001000110101000001100011101110000010010011001110000001
0000000011000100001100010000010001000000000001000011101101101100010010011110111001101000100100100111
0001111001100010111101011000001001101000000000010101101110110000001001001110110000001101000000100001
1000011100011101100010100101000111010010011001111000111001011000110100110100000001000000000001111011
0100111000000000110010110111110110010010101000100001011000100011111100110110110111001100000000110010
1011111000101000000010000010110101000001110010001000111110111110001101101110100010101100011110010011
0000011000000011100100001011011101010110101001100101010110110000011000000101110100001100001011000110
1001000011001001001001011101011101000001011000010010011001010100010110100000010011100000100001100001
0101010101000001000110001000011000000010010011011000101111000001111000001000101101100001000011010000
1011000111001001110001110100110111010000110001000110001000011110101100111100100011111011101100111100
0011000000111001011111110001110000011101010000101110111101111101000010011100100011001001111011000010
